480
0
474
86
40
71
101
312
175
121
300
411
70
97
28
118
53
131
139
256
382
238
401
207
339
91
162
360
287
250
249
158
362
299
352
77
82
436
420
166
298
51
95
283
304
467
423
262
105
94
66
191
85
11
44
59
122
140
306
350
432
93
305
457
253
338
220
98
321
277
324
163
268
430
194
134
104
409
442
265
446
214
301
363
135
427
72
218
145
257
80
3
195
428
392
152
48
110
17
368
358
466
5
168
383
437
336
211
402
326
378
228
410
49
462
348
138
367
1
330
429
361
123
148
171
215
281
317
26
328
227
346
475
434
192
109
452
356
295
245
230
210
417
111
15
355
184
165
353
471
344
280
180
414
400
172
264
33
160
269
385
461
408
182
35
130
10
421
422
473
325
154
181
418
62
443
357
342
57
174
384
439
302
31
221
296
438
307
309
185
141
292
242
386
388
320
22
290
99
308
270
41
441
425
291
149
18
347
204
390
56
190
464
343
63
61
155
187
319
405
444
143
247
259
258
445
397
92
433
167
329
88
29
52
381
412
23
89
73
424
372
285
161
415
102
42
55
16
209
276
345
431
206
369
136
60
137
451
403
310
32
25
6
129
144
359
177
219
341
455
364
267
106
216
334
460
449
74
196
116
365
327
132
173
398
38
147
278
198
58
103
248
322
261
333
197
8
448
193
76
156
407
202
453
114
294
189
394
288
34
377
212
64
108
27
159
340
413
222
67
107
396
240
266
235
133
7
12
468
375
150
376
458
239
303
112
54
233
440
465
351
244
14
24
124
39
260
179
142
252
297
119
90
125
279
246
50
456
251
337
472
274
224
399
170
229
478
126
226
380
373
30
153
36
225
435
223
83
232
21
78
469
335
87
20
2
213
151
286
84
79
477
45
479
406
47
395
370
331
65
236
463
113
178
157
315
393
391
254
183
120
37
146
314
46
100
313
208
374
164
332
203
275
323
68
188
454
43
416
4
271
75
13
127
318
354
201
273
69
316
217
450
389
447
272
349
404
234
426
470
128
371
311
199
205
115
19
282
231
241
169
81
263
476
255
243
200
284
117
237
419
96
9
289
366
186
459
379
387
293
176
